8,1,88,100,50,0,0,2,1,8,596205,74525,13417,0.15
8,4,88,100,50,0,0,2,1,8,1283082,40095,24975,0.15
8,4,88,0,50,0,0,2,1,8,3100748,96897,10345,0.15
8,4,88,0,50,0,0,2,1,8,1641712,51303,19601,1
8,4,88,0,50,0,0,2,1,8,1692756,52898,18939,1
8,4,88,0,50,0,0,2,1,8,1679796,52493,19103,2
8,4,88,0,50,0,0,2,1,8,1655278,51727,19424,10
8,4,88,0,50,0,0,2,1,8,1690733,52835,18984,10
8,4,88,0,50,0,0,2,1,8,9271292,289727,3564,10
8,4,88,0,50,0,0,2,1,8,1705525,53297,19054,1
8,4,88,0,50,0,0,0,1,8,21629462,675920,1505,10
8,4,88,0,50,0,0,1,1,8,15346860,479589,2119,10
8,4,88,0,50,0,0,2,1,8,9814389,306699,3348,10
8,4,88,0,50,0,0,2,1,8,2632511,82265,12181,2
8,4,88,0,50,0,0,2,1,8,2896348,90510,11078,2
8,4,88,0,50,0,0,2,1,8,10219172,319348,3192,4
8,4,88,0,50,0,0,2,1,8,1975540,61735,16249,1
8,1,88,0,50,0,0,2,1,8,4317916,539739,1854,1
8,2,88,0,50,0,0,2,1,8,6914291,432143,2313,2
8,4,88,0,50,0,0,2,1,8,9402367,293823,3500,4
8,4,88,0,50,0,0,2,1,8,6329515,197797,5096,3
8,4,0,0,50,0,0,2,1,8,16985393,530793,1914,3
