7,1,4,0,100,50,0,0,2,1,8,212788,7599,136043,2
7,1,8,0,100,50,0,0,2,1,8,227507,4062,256088,2
7,1,16,0,100,50,0,0,2,1,8,224973,2008,517244,2
7,1,32,0,100,50,0,0,2,1,8,195869,874,1176693,2
7,8,4,0,100,50,0,0,2,1,8,309034,11036,94260,2
7,8,8,0,100,50,0,0,2,1,8,485737,8673,119991,2
7,8,16,0,100,50,0,0,2,1,8,434713,3880,280913,2
7,4,4,0,100,50,0,0,2,1,8,456918,16318,64621,2
7,4,8,0,100,50,0,0,2,1,8,559008,9981,107845,2


6,1,1,0,100,50,0,0,2,1,8,209735,34955,29335,2
6,1,4,0,100,50,0,0,2,1,8,259926,10830,94992,2
6,1,8,0,100,50,0,0,2,1,8,266753,5556,182186,2

6,1,1,0,100,50,0,0,2,1,8,486742,81123,13037,2
6,1,4,0,100,50,0,0,2,1,8,307391,12807,78806,2
6,1,8,0,100,50,0,0,2,1,8,270050,5625,182233,2
6,1,16,0,100,50,0,0,2,1,8,266268,2773,369422,2
6,4,1,0,100,50,0,0,2,1,8,428884,71480,14714,2
6,4,4,0,100,50,0,0,2,1,8,670594,27941,36888,2
6,4,8,0,100,50,0,0,2,1,8,553238,11525,88012,2

6,1,4,0,100,50,0,0,2,1,8,635606,26483,39096,2
6,1,8,0,100,50,0,0,2,1,8,607921,12664,84993,2
6,1,16,0,100,50,0,0,2,1,8,608646,6339,188215,2
6,4,4,0,100,50,0,0,2,1,8,1758733,73280,15210,2
6,4,8,0,100,50,0,0,2,1,8,1865426,38862,28950,2
6,4,16,0,100,50,0,0,2,1,8,1415100,14740,81491,2
6,8,4,0,100,50,0,0,2,1,8,1390099,57920,19930,2
6,8,8,0,100,50,0,0,2,1,8,1993143,41523,30020,2
6,8,16,0,100,50,0,0,2,1,8,1431349,14909,78485,2
6,16,4,0,100,50,0,0,2,1,8,845713,35237,31977,2
6,16,8,0,100,50,0,0,2,1,8,1020587,21261,54803,2
6,16,16,0,100,50,0,0,2,1,8,837656,8725,202364,2
6,8,8,0,100,50,0,0,2,1,8,1640712,34181,39055,2
